inertiaList = [
    [0.004622 0.000009 0.000060;
    0.000009 0.004495 0.000009;
    0.000060 0.000009 0.002079];

    [ 0.004570   0.000001   0.000002;
      0.000001   0.004831   0.000448;
      0.000002   0.000448   0.001409 ];

    [ 0.011088   0.000005    0.000000;
      0.000005   0.001072   -0.000691;
      0.000000  -0.000691    0.011255 ];

    [ 0.010932   0.000000  -0.000007;
      0.000000   0.011127   0.000606;
     -0.000007   0.000606   0.001043 ];

    [ 0.008147   -0.000001  0.000000;
      -0.000001   0.000631   -0.000500;
     0.000000   -0.000500   0.008316 ];

    [ 0.001596   0.000000  0.000000;
      0.000000   0.001607   0.000256;
     0.000000   0.000256   0.000399 ];

    [ 0.001641   0.000000  0.000000;
      0.000000   0.000410   -0.000278;
     0.000000   -0.000278   0.001641 ];

    [ 0.000214   0.000000  0.000001;
      0.000000   0.000223   -0.000002;
     0.000001   -0.000002   0.000240 ]];