 trajectory =[0    0.7854         0   -1.5708         0         0    1.5708;
    0.0164    0.7937   -0.0195   -1.5401    0.0069   -0.0137    1.5462;
    0.0329    0.8020   -0.0389   -1.5095    0.0138   -0.0274    1.5216;
    0.0493    0.8103   -0.0584   -1.4788    0.0207   -0.0411    1.4970;
    0.0657    0.8186   -0.0779   -1.4481    0.0276   -0.0548    1.4724;
    0.0821    0.8269   -0.0974   -1.4174    0.0345   -0.0685    1.4477;
    0.0986    0.8352   -0.1168   -1.3868    0.0415   -0.0822    1.4231;
    0.1150    0.8436   -0.1363   -1.3561    0.0484   -0.0960    1.3985;
    0.1314    0.8519   -0.1558   -1.3254    0.0553   -0.1097    1.3739;
    0.1483    0.8636   -0.1255   -1.3368    0.0725   -0.1285    1.3543;
    0.1652    0.8754   -0.0953   -1.3481    0.0897   -0.1474    1.3348;
    0.1821    0.8871   -0.0651   -1.3595    0.1069   -0.1662    1.3152;
    0.1989    0.8989   -0.0349   -1.3708    0.1242   -0.1851    1.2956;
    0.2158    0.9106   -0.0047   -1.3821    0.1414   -0.2040    1.2761;
    0.2327    0.9224    0.0255   -1.3935    0.1586   -0.2228    1.2565;
    0.2496    0.9341    0.0558   -1.4048    0.1758   -0.2417    1.2369;
    0.2665    0.9459    0.0860   -1.4161    0.1930   -0.2606    1.2174;
    0.2833    0.9576    0.1162   -1.4275    0.2103   -0.2794    1.1978;
    0.3002    0.9694    0.1464   -1.4388    0.2275   -0.2983    1.1782;
    0.3171    0.9812    0.1766   -1.4502    0.2447   -0.3171    1.1587;
    0.3340    0.9929    0.2069   -1.4615    0.2619   -0.3360    1.1391;
    0.3509    1.0047    0.2371   -1.4728    0.2791   -0.3549    1.1195;
    0.3677    1.0164    0.2673   -1.4842    0.2964   -0.3737    1.1000;
    0.3846    1.0282    0.2975   -1.4955    0.3136   -0.3926    1.0804;
    0.4015    1.0399    0.3277   -1.5069    0.3308   -0.4114    1.0608;
    0.4184    1.0517    0.3580   -1.5182    0.3480   -0.4303    1.0413;
    0.4353    1.0634    0.3882   -1.5295    0.3652   -0.4492    1.0217;
    0.4521    1.0752    0.4184   -1.5409    0.3825   -0.4680    1.0021;
    0.4690    1.0869    0.4486   -1.5522    0.3997   -0.4869    0.9826;
    0.4859    1.0987    0.4788   -1.5636    0.4169   -0.5057    0.9630;
    0.5028    1.1104    0.5090   -1.5749    0.4341   -0.5246    0.9434;
    0.5197    1.1222    0.5393   -1.5862    0.4513   -0.5435    0.9239;
    0.5365    1.1339    0.5695   -1.5976    0.4686   -0.5623    0.9043;
    0.5534    1.1457    0.5997   -1.6089    0.4858   -0.5812    0.8847;
    0.5703    1.1575    0.6299   -1.6202    0.5030   -0.6001    0.8651;
    0.5872    1.1692    0.6601   -1.6316    0.5202   -0.6189    0.8456;
    0.6041    1.1810    0.6904   -1.6429    0.5375   -0.6378    0.8260;
    0.6209    1.1927    0.7206   -1.6543    0.5547   -0.6566    0.8064;
    0.6378    1.2045    0.7508   -1.6656    0.5719   -0.6755    0.7869;
    0.6547    1.2162    0.7810   -1.6769    0.5891   -0.6944    0.7673;
    0.6716    1.2280    0.8112   -1.6883    0.6063   -0.7132    0.7477;
    0.6885    1.2397    0.8415   -1.6996    0.6236   -0.7321    0.7282;
    0.7053    1.2515    0.8717   -1.7110    0.6408   -0.7509    0.7086;
    0.7222    1.2632    0.9019   -1.7223    0.6580   -0.7698    0.6890;
    0.7391    1.2750    0.9321   -1.7336    0.6752   -0.7887    0.6695;
    0.7560    1.2867    0.9623   -1.7450    0.6924   -0.8075    0.6499;
    0.7729    1.2985    0.9925   -1.7563    0.7097   -0.8264    0.6303;
    0.7897    1.3102    1.0228   -1.7677    0.7269   -0.8452    0.6108;
    0.8066    1.3220    1.0530   -1.7790    0.7441   -0.8641    0.5912;
    0.8235    1.3338    1.0832   -1.7903    0.7613   -0.8830    0.5716;
    0.8404    1.3455    1.1134   -1.8017    0.7785   -0.9018    0.5521;
    0.8573    1.3573    1.1436   -1.8130    0.7958   -0.9207    0.5325;
    0.8741    1.3690    1.1739   -1.8244    0.8130   -0.9396    0.5129;
    0.8910    1.3808    1.2041   -1.8357    0.8302   -0.9584    0.4934;
    0.9079    1.3925    1.2343   -1.8470    0.8474   -0.9773    0.4738;
    0.9248    1.4043    1.2645   -1.8584    0.8646   -0.9961    0.4542;
    0.9417    1.4160    1.2947   -1.8697    0.8819   -1.0150    0.4347;
    0.9585    1.4278    1.3249   -1.8810    0.8991   -1.0339    0.4151;
    0.9754    1.4395    1.3552   -1.8924    0.9163   -1.0527    0.3955;
    0.9923    1.4513    1.3854   -1.9037    0.9335   -1.0716    0.3760;
    1.0124    1.4653    1.4214   -1.9172    0.9541   -1.0941    0.3526];